108
765
249
490
293
416
647
326
142
442
511
619
195
171
701
803
115
729
605
57
840
866
461
340
167
466
241
741
512
332
425
250
387
819
726
753
834
220
662
615
387
292
911
255
952
232
385
582
787
869
20
98
118
129
283
675
14
321
372
570
429
542
351
228
200
877
574
940
272
928
823
714
933
820
980
627
67
529
110
359
900
170
910
441
802
282
897
778
246
931
812
979
841
952
562
984
892
271
243
296
238
153
670
713
132
287
283
995
707
255
106
361
729
549
994
453
996
69
751
480
114
811
510
425
374
772
876
263
591
707
48
9
254
498
555
52
896
247
606
612
452
903
841
734
927
630
70
595
457
781
347
11
416
772
440
740
113
306
104
349
97
444
90
754
546
675
351
534
399
812
790
517
751
925
152
2
33
919
409
429
883
916
496
460
8
8
440
874
886
145
458
702
867
175
210
355
519
605
815
707
233
915
558
188
603
523
756
696
267
169
831
458
811
276
805
714
825
739
1
618
110
751
482
478
17
787
132
148
741
260
817
47
982
526
592
312
977
575
859
710
272
793
951
7
134
197
546
720
519
142
214
420
398
147
912
796
356
404
577
474
981
104
90
735
509
530
8
431
216
584
369
952
719
74
996
453
69
413
746
513
712
479
887
743
615
15
778
834
261
974
447
86
69
273
9
88
57
687
112
245
615
71
215
553
903
362
202
460
198
326
890
893
294
476
832
749
888
10
595
439
768
908
667
272
481
101
42
445
514
825
564
409
801
338
990
296
309
620
30
484
211
135
206
231
331
653
678
707
948
994
246
430
713
308
616
307
857
999
616
200
1000
976
454
619
646
489
807
550
678
217
995
690
346
492
14
991
334
192
530
960
262
154
914
838
599
183
665
999
987
224
370
989
319
446
674
283
853
921
215
837
971
188
299
247
689
264
115
956
573
97
835
218
581
868
253
503
8
338
428
439
400
37
845
504
267
920
763
81
172
33
230
53
560
413
743
51
973
549
920
730
714
180
827
992
824
573
909
706
750
853
73
655
951
694
610
620
344
195
813
8
390
336
603
798
32
859
558
531
212
278
261
787
597
939
462
790
591
632
681
48
642
209
99
13
565
50
825
149
315
665
769
201
232
986
929
149
630
373
785
427
618
694
620
668
658
339
923
680
65
979
995
692
656
133
184
526
452
252
114
732
524
858
573
539
771
362
432
329
483
765
655
742
50
257
122
380
105
201
943
68
129
275
135
268
421
323
387
583
195
886
976
767
120
548
453
454
833
81
666
49
993
642
430
106
120
508
364
250
61
952
392
854
638
311
574
358
526
510
632
61
637
716
970
152
550
387
957
887
734
584
324
885
105
561
768
985
569
754
307
75
602
938
65
806
595
930
283
939
227
111
777
256
578
957
98
435
559
462
444
17
189
1
148
28
560
345
424
817
591
255
597
170
693
909
788
346
757
914
659
485
705
542
151
280
422
463
796
259
854
966
546
44
25
670
565
851
744
807
255
172
744
474
689
42
491
230
973
53
255
489
806
584
808
194
461
946
262
939
142
247
460
825
341
124
114
943
672
363
244
577
17
912
454
763
982
888
693
827
654
534
863
752
681
30
272
7
650
14
581
437
264
5
518
241
801
305
765
832
769
701
281
619
281
717
530
550
381
793
846
775
599
75
119
994
863
652
655
918
470
888
338
355
171
671
766
746
291
483
195
198
442
247
239
835
151
775
44
733
332
768
423
145
91
296
573
633
996
577
999
664
236
891
331
17
252
297
450
127
884
975
893
165
875
119
436
335
50
14
557
864
579
66
107
635
70
310
335
483
668
562
408
352
655
168
580
87
356
390
616
73
779
369
377
590
147
867
417
506
164
199
238
198
957
800
52
25
549
715
529
523
478
774
710
98
153
560
960
792
961
587
742
213
983
505
666
185
522
113
98
950
387
556
906
342
944
547
825
693
385
44
677
181
300
818
556
913
487
910
81
800
934
754
493
490
351
760
727
880
488
270
834
648
430
952
107
619
326
60
839
232
24
868
636
93
298
832
765
901
845
493
327
191
503
694
211
764
883
860
91
194
336
696
610
488
956
577
998
878
41
499
144
246
760
823
148
678
232
22
907
688
946
93
827
631
700
156
852
286
831
71
209
369
556
589
426
942
160
417
541
640
40
693
267
510
134
146
644
731
965
972
541
399
37
275
963
381
957
558
278
339
174
236
405
215
622
973
454
914
661
956
395
82
400
638
425
463
653
404
385
857
838
842
918
124
156
972
660
83
574
612
