7874
1977
2743
4147
1049
8892
3034
4414
2999
6833
9948
354
7195
1012
7737
4872
1059
6494
5028
6337
3667
3199
6365
2896
8671
4415
5368
7477
5863
6245
3918
3875
1428
3874
7281
1654
2061
6291
2212
6086
6510
5982
2851
6791
1840
2877
7008
4502
4847
3398
8406
1726
6913
5922
7370
8143
4715
5065
8620
9532
1959
9579
9621
6893
2112
1613
3025
3876
4687
3618
3580
1603
8845
9724
1201
3221
5119
4028
3606
1053
1613
8316
60
905
5963
9635
9645
244
7966
4327
1769
1268
8517
773
4689
9365
3933
2268
7830
9921
7311
284
629
4298
5556
6869
4060
8200
7493
6276
355
9697
9371
6751
5200
4664
7825
7157
4235
58
6326
1856
2139
586
943
3525
328
1758
5082
4308
1385
4705
8062
6399
2403
8910
3501
2866
9396
8640
8649
2597
7222
2798
6660
4469
8288
177
2264
4063
6720
1443
5697
2275
359
8513
9288
4900
1612
8319
1515
1445
2951
1195
8960
9092
172
1172
1171
3003
978
9115
5844
8309
9425
9119
5131
1024
8895
2347
6472
57
5394
7257
3240
7059
5873
6700
9368
5990
9850
1165
9567
1790
607
44
861
1836
2628
5604
5641
4518
2829
6363
6982
8423
9961
547
3779
204
1971
7042
10
4940
238
8602
1726
840
8193
6479
1798
4627
6747
7595
879
1727
1762
8551
513
316
808
2468
5868
2035
9036
9417
8429
4410
545
5541
1290
6942
1837
1640
5043
3525
9739
3227
1031
8827
2504
2565
3643
8550
6740
5528
534
2280
6687
4033
6684
1095
5890
3495
3356
6950
7227
6600
3394
6041
918
4464
861
5705
659
6608
2625
4662
2657
6152
9342
1529
4265
1791
389
8491
3953
4225
1793
7920
7906
6211
7442
3876
3019
8831
9606
4679
7351
7784
5990
8247
1949
6892
7146
9753
6326
6492
1079
8618
9906
1319
1015
7475
1355
6316
2012
4143
2497
2974
3447
1186
4934
6534
7704
4264
7640
6945
6158
6014
985
6732
7900
8596
4209
4710
6357
5317
474
2501
8009
5174
686
4098
485
9715
5122
4091
7495
9664
4098
5329
6269
8937
4561
3686
6346
6054
1009
8319
9693
4376
2420
7491
627
6357
2312
566
8978
5987
4740
5933
491
1361
8452
5250
9153
5468
5687
1807
113
54
6316
1819
371
564
973
1214
9385
6921
7721
3127
259
4543
4749
2040
9376
2972
1179
7284
6295
7122
820
1417
4997
4261
9893
2574
8304
7091
3409
9445
2464
7773
3101
6661
5567
6635
8043
6391
4481
8435
1365
6370
8
4660
9380
202
2204
9561
5071
431
3455
5643
1419
609
6235
1939
789
7038
1297
2963
6424
3311
8059
5141
8264
49
930
5699
753
5103
9836
7062
3276
8362
3309
1500
4594
1867
5915
8502
657
7513
5770
1064
7598
5980
7589
305
7257
9643
8087
8753
804
2252
9116
197
5490
5976
5677
1576
4399
8866
9748
3207
8692
1708
4342
2468
3033
9286
8144
5752
5071
7738
454
584
7992
6023
4017
4196
691
6528
5618
1471
5012
254
9173
5672
9972
9630
2451
2263
6344
1662
5381
1063
5860
4481
8619
9774
5850
1475
6752
2633
8052
7326
1880
7766
3760
2921
2983
3660
4327
4970
5437
4194
375
3009
7374
5162
1411
2358
422
3820
7138
6218
1802
6589
1404
459
3681
8686
8269
154
865
8862
9061
57
3737
7356
2140
197
7222
6026
7116
3445
1636
4108
486
9604
8643
2941
2103
806
2261
1403
7798
6589
8959
8362
3833
9485
4220
4919
977
1511
9159
9118
4175
3530
1470
64
9733
9604
1972
2239
1916
6326
5556
8946
2158
4388
2278
2825
2001
2275
3604
4274
7886
5226
1530
1848
1658
130
636
5956
8300
3716
1018
3209
7141
5099
8987
1295
9973
145
8823
4307
5875
8222
2906
5934
8180
4254
7606
3011
84
5460
2604
4264
7050
5633
7430
2731
358
4418
1641
8764
8639
287
1665
1715
9515
1399
6659
7803
6650
2061
6241
5248
686
9083
3612
9372
3781
8088
5344
30
6152
4421
803
4861
1759
8288
392
6502
6574
1621
2034
1125
4381
1550
8622
8614
4381
8192
9543
6779
720
823
2491
957
5605
3142
7617
7947
193
6621
1594
9200
7847
6316
725
278
6247
2771
5396
3706
4179
2640
5569
5584
1999
5717
3800
492
1709
5041
7657
6452
9735
5487
1680
2038
2546
6319
797
7538
9571
9987
3309
2287
4752
7482
4535
881
2382
2159
8263
3831
7708
7005
2322
8106
5666
2738
6483
3889
3507
4085
3709
88
7512
3059
8676
1378
7653
1182
9964
3310
7029
9055
4949
5842
354
3327
9621
4389
4358
6184
7794
1791
6055
8550
8553
8969
3132
1284
6177
6212
8235
4186
2534
7267
2866
3514
8823
8729
8639
2732
9422
5487
1751
9161
780
3275
3107
944
2780
2131
7580
2464
1863
6422
2821
7433
550
580
8571
2251
6934
6442
521
9892
205
9594
3068
6110
6331
8738
7599
5360
2977
2302
8853
9187
3337
6487
8829
932
8133
365
9793
7962
8250
1801
3382
3494
430
9542
4512
3946
9769
3061
4118
1265
5026
8072
7417
9793
3029
4631
9248
432
340
9002
7015
9212
7941
2311
712
7009
6321
8817
1059
7216
9895
1852
9484
1737
3377
8384
9258
848
9978
2703
1309
4301
1228
875
4551
4639
4410
3240
6109
4485
3386
1485
5019
9669
8295
3895
8454
6120
8788
8268
433
345
8908
7240
6735
7761
1813
5701
1416
6658
1068
2627
8699
3758
2316
7319
7274
1839
8058
3157
3979
7451
2307
7686
7991
1933
5312
607
6120
7283
6010
7266
5101
6007
8478
6589
1233
8748
5478
6857
8899
1189
2845
3232
9447
9129
5789
1588
609
7558
8190
5957
115
9690
7447
2792
3438
1728
4711
3542
7881
4437
8207
7599
6250
1300
1304
6726
5854
7062
3260
2001
3949
5844
9506
2650
1795
7312
1311
3240
4994
3010
8041
4995
3469
522
5708
7076
8786
9197
4891
324
18
3444
8728
6453
7467
4544
7567
2248
2960
1596
1914
5486
6880
514
1320
704
7507
7234
2000
2305
5733
1891
7143
3138
6124
1538
9842
2806
5147
6881
6615
4316
961
9590
497
6118
467
8345
1923
3891
5546
1799
8775
6911
8556
2141
9818
4855
6302
2931
6
6585
91
8448
8321
6264
1031
1036
7038
2256
2644
5012
5169
1662
704
4631
2935
1906
4402
7676
5844
9219
3233
6804
9278
9458
4091
7554
7711
4443
3397
9631
8788
9427
4232
5863
3423
7947
9257
2913
3979
2374
7036
8366
8786
2194
460
1706
1876
5820
1420
2251
5391
9215
53
5054
7942
3395
9507
5395
5299
902
6116
7185
2407
6995
9592
5457
2630
2791
3143
9652
323
5387
4974
8910
8044
3141
6562
6758
4714
2839
200
4713
2071
4501
7838
1657
8194
3654
2962
1727
6330
1191
4289
4065
4953
6690
9123
924
6217
5088
6697
1575
5510
6202
5250
4452
935
7883
1101
5307
295
4702
488
4233
7230
1901
2680
405
507
4163
7392
5053
699
7288
7632
5757
484
9882
2748
9197
4350
4258
8278
3458
7272
9416
1569
5694
8273
145
3819
9128
2478
9498
3408
3687
9888
5539
4311
2996
8560
9306
2946
1169
8336
5232
7910
3781
6075
6468
9246
3510
1222
7366
2936
3796
6284
1335
2080
8393
5338
3134
8112
3485
16
39
6362
7326
184
4458
1912
9901
393
4073
8074
857
6357
5859
76
1746
147
8222
6868
9011
5925
1330
1521
7938
5877
1960
9515
2789
661
1229
8758
8522
7534
1805
8724
7297
9446
5655
333
5431
8984
9367
9330
6190
7778
5909
9513
8087
1237
6168
3974
2635
7621
6464
3670
3438
4281
6974
1932
7543
1674
9289
7691
6676
5363
7383
543
7336
7247
7657
516
1700
2608
6346
7859
9304
8085
8555
1527
6690
224
4714
8485
7755
183
2422
7718
9215
4963
2083
3611
7050
4427
7048
1142
6214
9429
2805
5042
4320
694
5564
3281
5583
4683
6021
1535
827
893
6855
3981
6512
566
4635
7866
3996
4132
7082
7106
9768
5701
3693
3017
3591
3671
4938
6625
4458
2202
1789
4905
829
3938
7615
8011
8594
192
3456
5376
7259
9612
6483
3695
8850
8516
3041
6314
8149
9352
3366
5641
1181
3411
110
4462
299
5086
2547
5947
8059
2815
2070
2313
3339
1594
6107
7717
4862
1965
665
7027
5985
9694
850
5500
930
8704
7139
336
4382
4521
377
1948
1430
5615
7348
4273
4437
1908
6786
8636
5090
3913
8713
5394
7125
6216
6136
6388
1503
4960
6584
5909
229
6765
4402
328
6963
5767
8660
4611
6135
1093
648
8717
9333
4675
1001
6201
8984
6299
3163
8945
1569
8069
4075
6031
7670
8618
7058
6434
9742
9896
3988
8957
6849
9035
1296
634
6532
9578
6059
9161
7957
276
755
8887
7019
5072
8781
6526
7358
8713
3007
5887
4943
5405
7722
1546
5442
9177
177
23
1485
2956
8566
1702
1465
9622
7992
4416
2628
4239
6464
9972
5098
2043
4239
1063
6919
6448
4702
6102
8623
6598
8707
8971
2005
6028
469
7558
1544
3623
6576
4151
2648
3166
8040
8852
2120
7380
2477
7226
1826
2863
3439
8619
4471
3170
8363
9450
7457
1337
5766
2742
7579
6323
8730
7041
6233
1798
30
728
2191
6170
3609
6960
5455
453
1735
9156
7024
979
7988
8821
1560
2150
1293
5468
1867
5434
2151
3722
8916
4011
2141
8178
6698
5639
4312
6095
151
315
7728
1881
650
1527
274
9541
8776
8143
5946
6983
3181
2169
1552
9946
8579
8289
8890
7601
6562
8218
9570
4980
6459
7033
1805
8860
8163
7548
2526
718
3195
1005
6024
9521
8601
3011
5083
4913
4952
3572
1356
7138
5142
7050
8785
4899
625
5110
3257
7729
7769
7547
503
962
3640
4157
6969
5567
7779
6478
2821
5701
9442
9963
9398
7989
2460
6906
8681
8031
2980
9279
6814
7011
2247
8719
3378
6684
225
5241
245
4148
4298
685
6239
1324
4060
5594
8770
7784
5048
9653
6010
6249
5784
8026
6743
3166
7446
8963
2875
590
5332
9593
1087
7742
5067
1870
1328
1633
7949
3923
599
4236
9640
6092
4830
3882
1897
6307
2191
5189
1182
7346
2870
2917
9965
6444
5570
9730
9537
8732
153
7445
5123
7808
3842
5948
8328
9436
4277
8790
8543
356
3441
4466
3294
3247
1011
4051
2631
1809
5811
3029
806
3202
8664
8250
8534
1776
3778
2739
9041
3201
7872
8270
1335
5303
9219
8462
9047
9732
5580
1079
4935
4496
3841
3452
6008
6393
6085
9427
6018
9311
6507
2973
724
3832
5152
6834
4866
2231
681
2313
3619
2307
1539
8660
9123
2792
2508
9820
8339
3198
5086
916
8502
7716
1847
8805
1315
2683
22
577
6999
8672
1626
1153
8923
5461
6584
8323
5437
5282
2662
2347
9970
7080
760
8167
9416
291
3869
8172
2081
606
6542
1788
2156
99
8116
8260
2369
9352
615
3358
8050
7238
5586
9102
4208
9989
6728
7213
7391
1768
8380
376
7929
3745
7820
4315
6586
9439
3473
2940
2416
569
3937
8890
1870
2079
3566
6424
4791
41
7444
4064
5192
2365
6023
9053
1427
8775
5786
7041
7861
7523
6814
3563
1629
5187
1399
3018
442
9152
5626
999
7802
3627
8781
5312
9513
1481
4179
2682
2304
8195
4376
7547
6850
8910
3477
1166
7837
5595
2027
2900
8112
4961
4064
3335
1643
5204
3022
1972
2868
999
4779
9956
9135
2045
5893
5283
6467
5482
9608
8440
4511
865
5037
4739
7918
7433
9524
17
2783
3634
8290
684
2181
5927
5313
3711
8465
1685
1571
8867
3924
7950
8569
4136
9757
1995
6827
8880
5602
9631
670
7439
8913
6645
8414
6360
132
6958
1831
3742
9324
3898
1366
1938
1533
1258
8106
1334
2337
8293
7854
882
2863
2467
9419
6716
5649
9506
4392
6002
2101
1202
8959
1898
4615
8156
3550
7862
8899
6688
6170
4235
4161
3243
473
82
7111
7808
3492
1995
5341
9033
5267
4663
6988
4870
8933
5303
8076
2851
9493
6822
9295
5438
194
7458
7385
2237
1819
9234
8076
1967
8835
457
9686
4301
3994
9943
6192
4052
9374
842
3814
2704
8905
1215
9218
3075
3459
7431
742
8882
5924
5401
8872
2602
1291
7206
6913
8092
6125
3048
4420
1651
6138
6456
1335
9185
3940
8333
8555
2488
3826
712
3607
2403
3986
9224
7816
9119
7331
3036
8075
3365
5603
9256
1049
7517
8064
5511
1327
7407
772
2645
3626
3485
5310
165
6071
8946
3001
4390
9762
9878
1400
8761
9207
8888
6657
7165
7882
4514
4044
657
2848
3670
1768
6793
8992
1430
9284
2553
4029
3799
5941
2187
7040
3866
762
5340
8351
9499
1037
7021
6725
7869
4441
6120
6000
7661
9298
8189
8019
7188
7357
2193
3941
9538
8999
5527
1856
9060
7391
322
5830
4779
1841
347
6956
6552
5057
1951
7834
5521
1141
6901
6363
651
200
3106
489
2359
8617
5200
8560
8799
2990
3013
8514
2693
8367
3245
7610
8115
886
5494
7226
8216
7043
1066
8511
7483
3396
9904
3982
9916
8684
1661
8175
558
2703
3664
6544
6419
4192
6266
5920
8694
7614
9583
4133
1144
264
5647
1388
4969
4602
8187
7269
5400
893
2348
8655
2440
6027
2977
4329
9247
1013
6066
5986
4706
3443
5899
8986
936
8175
5163
8445
6950
5463
7645
1237
6358
6647
3550
8356
6098
137
1634
738
7964
8019
4712
7562
6280
6386
9077
5343
5274
1908
9735
7140
4280
1203
1997
8789
385
4271
7873
9251
2119
3591
7414
4688
4774
3142
6421
9093
2222
8904
6779
4996
7790
2703
3968
8974
8702
2215
5463
1869
365
9811
529
3318
5445
3837
2142
995
7283
8605
4867
5045
9683
9200
6361
3657
1324
5046
1951
1127
2970
8105
5401
9093
7366
3312
9730
3113
802
9105
7894
8261
5856
5505
3774
4301
1213
8361
2902
9332
325
9871
9221
3366
8784
7645
2297
7179
8538
9106
6200
6710
2932
7934
281
3143
851
2521
3843
8333
1829
3495
6509
5496
1621
2600
5055
4424
2106
500
5034
8857
4438
3349
9718
4758
9184
2125
2144
3993
1800
3201
596
8508
9963
3423
9345
8346
8256
4218
8765
8325
5589
6561
1767
5040
9617
906
6523
7172
7958
1871
2330
5370
6198
3365
263
6318
9335
8959
7403
8519
4759
4052
2746
5104
124
4489
2710
3704
8878
1928
2654
4403
7489
5180
4616
1186
8270
2339
1059
9079
4401
5498
3008
2525
1278
4796
2593
5897
9460
6725
6126
4134
5875
6152
7130
68
8325
9656
6486
4465
5442
4983
5680
7019
6010
737
2515
9348
1520
6615
1632
1195
1992
2393
7380
8194
3316
2446
6643
5933
9108
2562
1492
4798
2048
4474
4735
9566
5558
5202
19
6947
6342
1390
2337
1171
348
9036
460
96
9615
8544
1893
1366
6143
7558
7049
2044
996
4309
5840
5365
3089
4184
5573
6196
7065
5977
7026
8741
8464
5084
3271
9295
2811
1426
4437
8859
8258
3358
5655
8151
64
1221
9597
5572
6952
3908
6419
3647
2907
8685
1449
532
8653
6518
5526
2889
9697
9485
198
3034
604
7160
1228
5358
2610
5135
7442
3437
8706
5433
8370
1602
9526
676
8500
9185
3465
4064
4346
7084
5209
2465
4200
2890
683
2559
1792
2943
8347
5947
948
2863
9782
231
4102
148
1400
6648
463
9490
7021
6546
8938
6958
401
718
6017
2264
9059
1672
2379
6621
3857
1758
6519
6438
7221
7104
4489
281
9560
3235
5727
3420
2871
3290
5850
4822
3231
3938
1881
9543
9152
4326
3803
234
4817
4297
8574
6780
4519
6853
8656
3106
9722
8494
4841
9818
9088
8102
9034
495
302
666
9376
1227
9812
4230
6186
9263
7493
4255
2518
8841
1101
4178
8497
8685
8503
3931
3006
543
349
339
4147
651
9855
3826
9793
3958
2171
8562
8180
3818
4427
62
4123
6621
63
701
9153
1062
2467
2840
2408
4440
7434
4763
3604
1094
7777
4372
562
2191
9957
2013
7139
5589
9560
1039
3814
4529
7055
2676
5939
1208
3513
6373
5118
1162
4623
1202
7688
4297
5120
2785
823
7705
2494
9441
4785
8245
912
4937
8722
4288
9502
4231
8913
163
3022
6048
3730
7030
4794
5087
2960
9163
3887
386
2118
9899
7828
8365
6964
5730
2630
9295
5264
5246
3
3421
7088
6320
2436
9039
6496
5671
2803
1814
8849
808
3021
7313
9625
650
6269
1339
6326
5241
5051
8111
1876
2039
3139
4298
332
1260
6365
4587
6939
9696
4972
6394
2615
8947
3994
3388
2142
195
5552
7334
7447
8266
8444
1446
7528
7242
9552
7232
9974
4797
4784
539
5613
3288
6680
8343
7014
9093
4620
6824
5067
9392
4059
5389
1901
4213
1180
1555
1463
7908
460
7634
7852
3634
1742
6951
6038
8197
5759
4996
1429
539
1742
5652
6544
7394
7701
8507
7524
4344
8542
5555
4054
103
7794
6609
730
6533
4875
9342
8429
9308
6578
8038
8065
3724
6815
5281
6796
1258
7084
2564
2767
9103
6812
473
2995
5734
9290
4115
3827
8686
2636
7295
7233
1905
1178
8424
5305
9102
202
3497
1817
3953
5943
2439
1361
5317
6647
1819
2020
5250
779
1877
5964
9044
3795
3574
9057
1123
1319
4445
5589
2244
9492
1442
3730
7220
9437
7224
1976
2265
3782
6513
9362
9057
9848
8988
433
36
962
1346
1458
6327
693
2868
1824
3576
4660
7731
7541
4533
7642
7378
1999
4134
576
5227
8636
7349
5766
4785
3426
3195
4757
3574
3590
5460
3263
6554
7914
9971
7003
7729
5304
5312
8168
8046
1019
8247
9103
6110
9043
9616
2878
1109
8156
5315
9227
8342
4104
7062
1958
1445
7065
4927
3626
6752
412
1650
8884
4847
5814
7014
7737
3766
3748
9441
2728
7205
1858
1700
1374
4619
6452
8781
6497
8027
9376
6622
8690
9787
8906
470
8398
4804
5305
2865
955
2795
5515
5309
6002
6547
3773
5192
7128
8357
3776
4288
7358
5646
8800
6095
7122
7225
8604
3046
3988
1555
9404
4869
353
4335
3166
9618
3648
2410
173
9447
379
8276
364
9980
5787
6874
2445
5757
7623
4138
5886
3796
7995
5201
2577
8473
9582
3382
9165
432
3215
9849
1972
3989
8045
4362
8141
7110
7168
749
7203
1548
6253
4309
6362
2543
4363
5924
8507
5750
3472
306
4781
4224
6937
8475
8845
7235
9657
3915
3134
5373
1336
1868
3228
7746
3411
1724
8830
6236
1022
4140
5153
7079
5338
3062
6178
6607
6404
2873
5298
8585
2083
6797
956
3608
7995
7370
1648
2951
9807
7344
9648
361
6216
1192
6943
3994
9473
5219
2058
2029
7991
9232
1328
8163
5366
7350
8691
1426
8202
8995
3081
8076
4121
7408
5965
772
1030
2121
2003
8085
3464
7513
7577
6395
2858
9196
6993
3322
8503
7159
6560
5193
7010
3637
7217
1668
4669
9655
7771
5120
279
7987
7074
9812
4435
2527
6020
550
7688
6879
1399
4055
5808
6732
2843
4315
7872
5281
5912
4958
7936
8804
8187
9479
1981
5616
755
4228
569
7004
3157
9792
5174
6779
4306
7844
4346
1028
3408
3935
5401
7850
9284
9297
8471
200
4944
8456
2404
3339
957
8463
7552
438
3118
4196
3708
8270
9834
5335
7707
5586
7681
2553
2369
5374
135
7710
1451
4559
4609
8777
410
9894
7158
1657
3116
832
6135
8133
939
6291
4857
1921
3243
2879
7263
8172
6560
430
1696
3823
8137
9845
6637
8544
4023
9438
1684
4100
9549
5520
1874
1500
5255
9101
7372
302
2573
8229
9026
5337
7703
8853
5674
6213
2417
1163
7478
1833
6339
3217
1535
8213
2556
280
5334
3842
493
3647
9339
9780
2978
4051
3495
9307
5098
2514
5597
9727
7561
7311
7169
6231
1458
5809
9036
7851
2635
8923
1256
1327
6687
5039
8107
1541
1688
8919
7066
1068
5823
6208
7349
7598
221
3404
6683
9024
24
3665
8755
7360
1999
3996
8293
899
4653
138
3828
7816
7570
6666
3749
2558
9450
2196
8549
2710
163
1080
2148
9615
2439
3795
9303
497
9438
8219
6498
6726
9910
2810
8469
8850
3429
9973
3704
7535
3020
1763
4511
2638
1828
1250
3773
9355
2881
5279
451
7433
6114
8672
4237
6063
6342
1851
5487
4356
1376
7508
9523
6841
1402
5347
3390
5625
2666
8360
4916
5747
1240
3431
3401
5259
9752
9378
2064
1688
3070
4087
3559
9873
4635
7056
9875
1589
3381
7197
3558
4843
5270
7851
673
275
7228
7066
6042
2655
5806
2113
9748
1123
7978
1139
3764
4321
4375
6496
5678
8090
7245
1228
5009
3896
1525
5929
1817
6204
8197
524
4126
2718
1399
846
1102
1539
3734
8356
3731
8362
8698
5255
9866
1721
5221
3875
1774
7327
4126
7237
1098
8846
5934
4264
7693
8642
3800
2393
2282
1178
7959
8129
6476
5044
2915
2592
5613
5189
6187
1718
1800
8988
4015
9397
8448
1941
8008
8189
2520
6578
1097
3697
8353
1571
6010
8902
5791
1740
5717
1396
1755
2901
6104
8568
9430
1761
7559
4992
4069
5191
8908
9939
3088
6117
6839
1183
2317
6851
9431
5822
9714
5134
9407
2910
1638
4902
7982
5630
4291
9205
9164
9584
4823
3083
7324
7783
7426
9394
3254
622
3254
5178
6944
6468
6347
616
3932
1000
6416
6859
126
3441
3066
455
4956
5322
8003
6093
5435
7904
4729
824
2025
6550
9269
7176
2792
9294
3836
5663
4560
3360
2589
75
4154
8342
6923
3136
794
3167
4565
9083
6359
6915
248
7116
1621
4039
8745
5361
103
3621
7707
4220
1613
4685
9903
6195
714
5562
7303
5003
3447
7953
5527
1214
863
1051
14
923
265
2789
5057
9252
1891
8816
3529
1428
3421
298
3843
9141
1730
1658
2558
2359
5708
7752
7968
4732
4991
2058
6218
2245
559
4857
8978
2321
1254
6201
6982
6225
3431
959
7104
4975
9119
7213
9227
9232
8372
522
7906
5828
4018
5801
1418
5576
5577
6713
1380
9730
9174
3896
6429
7234
2918
9854
5896
2527
981
5848
5125
8514
6324
9167
7309
8242
3422
5975
3681
7777
7664
6877
4726
4929
3205
7781
210
8968
8161
1892
6191
7723
6677
1162
4273
12
1788
1866
3352
7946
5227
673
6465
4610
434
9910
7469
4695
8021
5820
501
6962
4815
7439
3621
6879
1139
8837
1955
4283
2622
6668
9300
9554
7813
4758
7706
9064
4450
8997
8507
235
3348
8287
9634
2070
7998
5112
949
6806
2746
3700
6100
4901
8088
7134
1094
3401
9147
6336
7525
1598
147
6109
6150
9333
8267
5465
3230
5438
4110
1595
6001
5709
3912
3839
6391
5074
240
5790
218
3811
3465
9473
1199
1293
7132
8906
1442
6212
9166
2842
7260
7383
193
2768
7002
2838
4793
4993
8906
3047
8066
4197
3205
8584
6728
5436
9534
4912
5095
9945
3756
5154
7046
394
5800
6920
3623
9542
9854
458
5544
76
4442
7888
4174
4413
3941
7434
9275
6665
4637
4408
2932
1193
4901
345
9381
6985
4071
5790
6473
2835
2208
4533
3573
9798
7055
4101
1024
9506
5714
7358
822
472
4826
3982
6818
7458
4822
9752
6149
6121
4520
7340
9015
9695
1037
8852
628
496
5347
7749
8386
732
837
575
16
4153
1105
8708
9817
7487
9285
5395
8561
6143
242
1145
4930
1875
5007
7932
6927
3175
5999
5459
8310
1318
9580
5923
3362
4871
4439
8251
7660
4606
1619
5511
534
2338
4800
4618
1653
9973
5284
4756
811
423
5946
6237
4886
3700
4316
7361
7199
5501
7921
2171
6759
1870
5984
3736
1141
2628
1140
9270
3586
7372
9404
1526
5746
6814
8186
1973
6226
2834
724
8928
6829
5962
6994
9985
52
3020
6470
3615
7058
4546
5740
7471
680
2557
1477
4211
1860
1537
7479
5252
9999
9911
4012
1144
7103
4251
4009
1293
9746
9692
8855
1272
6326
5874
2899
3017
5382
2256
297
7582
9920
6212
3230
8000
287
2569
5857
5176
6929
1378
6294
3582
630
8921
6617
2623
3455
5990
9134
3131
5403
8170
998
7398
592
8076
4858
6689
854
9208
4748
762
981
726
3945
7675
8884
4387
2309
802
6771
5610
5935
4356
5137
8539
5899
8921
143
4376
2986
6853
4285
3112
6963
2522
753
5506
2149
8234
551
9471
2904
4509
8640
3074
1218
4319
2898
2882
8393
2271
5486
1350
6040
4963
6639
6256
8689
7805
6883
7969
3216
7560
763
2815
9815
7089
7529
8500
2713
7265
487
6729
7858
2458
7646
165
9429
1023
6631
8239
6625
9588
476
3450
95
5142
2471
9924
2168
5917
6558
7966
677
5923
4260
960
1792
7349
3885
3565
9581
9977
1673
8954
3568
2733
3035
1187
4820
3088
409
2602
6197
2681
3178
568
6097
6377
2535
2969
3287
519
7260
1998
8246
1390
9989
7841
169
4906
4304
4087
4691
6235
6736
9350
240
6191
8010
8032
2018
6268
9710
914
8466
4054
5661
9022
424
9159
3605
640
7318
5187
8029
3880
7387
1266
9681
4814
9009
8602
3273
5115
3175
5151
8855
7258
7800
8884
6325
4630
7009
5621
1833
9751
2998
8090
898
605
6122
5246
4920
6008
4114
6529
7957
6560
5953
5776
547
7881
1981
8918
9082
2901
1929
3654
4162
1144
4313
3240
4079
5449
3792
8062
5659
9017
2670
8290
3867
929
6754
1468
8557
9684
9914
8448
7601
9049
3384
929
5312
2027
7385
7838
8244
1610
8731
9513
2679
6085
7592
9630
3635
6118
9173
9896
6326
5017
3556
1445
6495
4950
7887
9569
6242
6124
7074
9797
5055
2029
1208
2847
1574
5540
3277
1287
963
2284
9151
4321
5559
3645
1683
5269
7397
4470
4874
1550
4048
670
5785
1318
8110
5250
6325
1838
1036
1891
3648
2500
6380
6589
472
2970
6035
120
198
3018
1274
2730
4665
8497
1632
2764
741
1941
3930
9878
3408
9294
1819
7441
4838
9678
6189
6812
4346
798
5788
5114
2972
9824
6234
8913
7962
5449
3176
123
5494
5226
319
7843
4175
6746
1563
3214
6109
8730
6393
1972
2009
5766
1224
5441
1818
4352
6939
4799
76
4018
3615
2213
3345
8774
2986
2435
7323
2818
4515
9717
9476
9514
4450
422
3774
3130
9926
1536
5715
9494
2096
7016
9362
9758
1859
9122
6908
8933
2412
9670
6084
8979
573
606
770
7503
6887
3405
5952
8805
9451
92
10
1937
2478
3692
4001
8748
8295
1419
7775
1639
7921
7632
546
463
8500
4169
4974
5229
4249
2928
2973
4694
6025
1458
7734
1983
9666
7519
2800
9350
2068
8814
399
9552
8656
2975
5996
5419
2185
9074
383
733
9506
6479
6880
8252
6711
5744
1331
2221
3922
4262
3591
5131
6194
4833
3324
2535
5912
688
6360
3734
9122
3948
3285
548
8396
9364
4984
7701
6836
5101
2280
6650
165
649
6479
3911
7627
9754
8276
5786
5819
1080
9800
5710
6171
5654
7977
5368
6254
2009
5034
642
9032
3284
3234
604
70
3173
3431
5239
2142
1464
8378
4633
5258
9874
9292
2261
7753
1795
3715
7926
5956
9428
1863
3014
5296
2960
4840
7977
8276
2243
7124
173
6874
7103
807
4565
6572
7906
5523
8550
1024
6458
4715
6680
1510
2172
1942
3589
8517
3297
2789
7578
1456
6140
9711
265
8368
4631
5638
9457
7578
1332
6954
1749
4787
6843
7977
2675
4138
3205
3088
8115
213
3246
8227
1780
2411
5116
9458
6927
4326
3511
9481
2208
136
2991
2514
5055
8221
9662
8670
9290
3399
8629
8298
8703
4203
8748
446
8627
5017
1833
7933
7863
6971
1004
622
8495
50
9084
2101
7459
6523
2924
917
1585
5181
7748
9200
1383
8622
7104
7296
2531
1738
7644
5662
6002
3916
4842
6125
5419
2794
9875
3296
3722
3185
8555
5067
2793
6506
4888
7780
1212
9114
6449
8098
5108
7555
3122
20
4279
4411
3794
1014
5352
4410
5731
9328
3672
1219
6044
4369
8015
5635
3040
4560
8600
4987
9074
8326
686
7393
3790
7798
9612
5647
442
4992
6318
666
7737
1652
5831
3402
2355
1749
2733
4853
2376
8443
8485
7706
2023
3628
9832
7293
7014
2341
173
995
3455
357
4330
1583
8779
5590
6330
802
7153
8880
9537
455
1645
1558
4098
1967
3814
3184
3259
8668
9033
9501
4185
8466
2947
7387
8895
8065
8103
5083
3349
5163
8409
9077
6100
5924
1174
8882
9522
392
5128
5932
1432
2329
7404
1339
2068
327
4115
5100
4909
5843
5543
4248
4882
7961
112
7828
7169
4154
3915
8883
2903
4548
9708
3165
8988
3975
7220
7337
1301
3570
785
9049
8595
9388
8397
5980
7777
6188
2203
9608
8772
4958
8980
5006
8259
5730
1475
2089
9562
7330
9994
316
4040
5543
789
2161
8499
2677
8583
4452
5985
8827
1114
5584
4991
2875
4773
2392
1749
8405
916
2944
1181
5091
5767
308
5112
8502
614
8663
9925
2409
7934
6107
9456
2046
4246
6704
9858
6926
9525
6530
3613
5875
1076
4329
983
8868
8121
770
2551
3706
3988
8429
1966
3543
2479
653
6948
3933
1942
525
4279
8304
4915
7428
7896
826
814
896
7703
7744
6819
8816
5231
8002
6028
2024
3149
120
1069
2906
5978
8217
1487
4937
514
2886
6112
967
7499
8
6486
5189
2674
7380
3190
2796
3114
3579
3038
3867
8618
6443
817
8913
8584
1322
2861
8397
5195
2221
8385
6595
6131
670
2922
9166
8037
2196
8011
1232
6275
6482
1776
7989
7185
7633
8755
9145
9277
2543
6349
2582
5199
7027
2460
5627
8622
4042
592
3978
8823
3685
2675
6288
4315
9917
9903
5491
5445
7718
7736
5002
2489
2502
6081
3391
3570
758
1421
7416
9713
8719
1162
9793
2691
2436
4976
4834
2338
5302
8609
1889
5025
3783
6706
1301
1032
2576
5620
2506
5108
736
77
3082
9186
1175
993
7261
2503
8820
1329
2071
7565
6011
3790
6688
7673
2192
7261
7891
3881
8541
1730
1715
8420
6848
5266
6147
9697
1114
5248
1903
2271
2354
5314
5763
5231
2316
7506
5278
5832
9459
9433
9505
6268
2520
8224
299
5594
1657
5691
9507
7157
6416
9634
1320
6364
7150
9906
3118
5244
7809
3703
6594
6180
4421
5726
1380
8445
7814
9175
9470
5436
7337
1727
2418
9249
8877
7044
8587
3258
5245
4378
1075
6970
8875
1071
6091
1221
8114
67
2190
8597
9856
171
9791
6958
1768
4627
1636
6078
6208
1510
8483
1959
9676
5703
8897
6892
9339
1433
6073
582
7379
9773
6195
4516
2289
3156
8727
2650
6336
2668
1886
5358
4143
3654
6227
2953
2212
9654
7632
5629
5424
3776
9195
5605
9600
1259
9154
6827
4988
781
1126
865
7476
525
5337
6361
7659
1141
2832
7332
8343
2870
6940
1338
4315
5424
9818
5748
2988
8931
2300
3638
4284
8459
919
4302
3028
5781
6207
6041
3428
2166
9681
9910
4129
2832
6401
3650
4720
7318
1747
9881
9861
1841
1712
6411
5936
3652
2409
4718
3284
7325
2942
3866
4271
2212
1838
7661
5683
1447
7279
1326
7647
8700
434
9860
6611
9387
1218
7004
2290
280
7757
5608
8096
5833
39
9051
2678
4059
9794
8870
6684
5877
7188
4264
3232
1058
9849
4786
4578
9035
1967
4485
9665
2154
7557
4273
6958
5337
1591
6543
4472
4110
8057
8246
2272
6089
1866
5067
392
6156
6452
2307
7479
5586
276
6705
1753
3873
7647
5791
8533
4240
9920
3280
9606
7149
4404
3752
506
6650
9451
5586
4664
7752
6143
6510
7576
4078
7585
6694
424
6706
8093
640
4393
5471
4459
3028
4036
8680
6470
3293
7473
9333
5862
8543
4860
7146
4797
7267
1317
9226
2073
8851
7695
823
8256
830
205
3431
7568
3733
1815
9501
8713
3558
1738
7418
4774
4798
8960
5033
4296
7962
4658
7764
3566
5011
1531
9765
1111
8835
5727
7899
7623
9220
3990
9276
9677
7709
6345
3677
7061
8689
8726
9784
3809
2722
2844
7911
1914
3572
407
8057
9750
9431
8805
3515
8379
4449
9403
29
9169
9425
6887
3550
8798
9911
8246
9061
1250
9619
2233
8046
1116
8273
9405
549
991
4278
2743
8720
2698
8165
4354
8483
8401
9192
9310
5335
9395
1372
469
4253
8041
7722
9112
5494
1417
1704
9953
7269
7162
8258
5944
8759
3932
363
9989
6081
2178
7326
6432
9277
9130
7123
2474
5742
6207
4524
1626
9047
9089
301
7149
1220
6118
4213
1056
6730
9660
1416
8772
3610
493
4355
9949
9300
3039
5516
9839
5994
3182
4498
272
6677
4973
1214
9655
9048
1778
8777
7624
3568
5470
105
4947
4795
5448
8287
8203
2187
6479
9281
963
7699
6086
2296
3840
5066
1734
129
21
7154
8181
1319
7967
3471
4451
4489
8054
1908
8434
3821
9242
5476
2522
9584
5695
8115
8338
40
5879
7637
4078
6062
1904
6658
4189
7937
583
2748
4402
394
5778
4465
7651
642
8983
7800
5506
8846
1998
6701
5199
4271
7210
9727
2759
1061
9083
9191
3876
7135
1179
8376
4204
4363
6295
8842
5274
5245
8462
8012
8609
8722
9421
2252
2279
1252
1
3372
536
2546
2054
1955
1799
4768
2578
4293
7404
780
957
5881
12
1855
8904
9489
5814
8672
1230
6675
3622
7501
7140
7043
3835
5767
7193
3226
7575
8417
7479
259
1664
8112
1083
6889
4945
9217
3930
4727
5265
546
1315
9064
6123
1304
1011
1690
7602
5651
7154
9689
9207
5309
4777
8585
915
3773
9277
3152
7829
1652
1660
67
395
8736
6052
7356
2083
4175
9502
8588
4106
1160
927
2646
5251
5901
9940
9062
7842
8447
7765
2878
5495
230
4273
9799
2366
7369
8108
3202
8983
9303
67
8860
2464
8431
3130
382
602
3613
135
9779
7965
9882
5603
8547
8222
1179
8123
1498
1768
7386
9661
583
2612
1286
9354
9575
5143
9449
9996
5582
6389
3124
4016
2722
9737
5213
3802
2003
856
4348
9754
3980
6922
6928
2457
4140
8989
2128
5351
297
8255
6657
4498
368
607
1535
311
5886
826
370
7020
3629
8758
9834
3097
8280
1026
2098
6273
2375
5371
9491
7903
2106
9926
5054
9398
9655
774
3763
7682
4976
3179
2159
9526
7941
8147
5760
5959
8517
1549
5596
4083
1734
9700
384
5195
2299
8555
1104
8577
9087
899
9944
2245
7769
9265
9785
91
684
5708
4181
3166
2943
8779
6805
4624
3582
5903
9868
3557
10
9882
8890
4865
7066
6843
5094
9103
9148
72
4342
9924
2773
5306
9813
3345
2432
3372
3548
4542
7713
6041
9534
4376
9258
6228
6058
279
1191
6673
5401
5672
7099
7307
1216
5568
5816
3423
681
7043
912
6813
6938
4847
8131
6357
7977
6259
2105
2800
5172
4112
3836
9313
1913
4398
6272
4434
9951
3890
3818
3484
8138
1991
8193
9713
54
792
7744
3081
5448
314
9477
5773
8025
1209
559
6953
7531
8239
3992
9170
7591
7016
2948
992
5757
7857
6285
73
8850
7304
1518
8641
7843
3682
4244
1988
5522
5025
4525
5408
6672
1144
6408
2910
6547
4394
4646
4799
2153
8254
8007
2456
5757
7043
2218
3038
1159
8538
5271
3208
4496
7681
6579
2451
6819
3482
6936
354
1981
69
6841
7824
1676
8015
3764
7957
8724
8487
2074
4189
725
8812
9692
195
4841
1898
3583
3979
2342
4985
7453
5683
7163
400
9275
3580
6187
6024
9590
8554
8373
5705
2617
1139
6863
8309
2549
6061
3974
3854
6166
277
9540
515
1826
615
5864
9709
9139
2145
2482
3007
8008
2378
5441
2868
5178
1556
6673
4248
5832
8088
5523
6888
9037
3363
4002
67
9104
5445
1515
6198
5194
183
3257
9438
2006
5869
8206
5065
6335
8575
7981
2253
8564
4631
7400
6072
2958
5455
9277
2630
388
1820
3323
3010
9273
2956
7005
5206
7508
8805
869
3205
1998
7549
1710
7133
5733
3808
9481
480
6324
6611
9989
8684
1355
1559
8765
2148
413
1203
4262
177
4383
3023
2238
4814
5937
3099
6892
3993
117
9470
5925
8523
2603
9807
9072
9318
6166
7019
2078
6743
352
300
4185
8271
1580
959
2925
2558
6223
8519
1072
3049
7374
874
3101
9797
350
3304
8075
1786
7330
132
8547
3822
9177
6547
9664
6378
226
2225
6545
695
2083
2889
9201
9509
7506
2725
7021
5907
6729
1647
4688
3648
1589
1810
6973
1116
9566
380
711
7563
4345
8082
8102
9314
6062
2413
8599
2303
6008
7627
1520
7787
6235
7588
744
6832
3519
5061
5626
666
9442
4844
7682
8234
1747
5412
7143
2989
7529
1533
7193
6190
1825
4708
4863
1998
3451
3691
9654
2752
7827
383
6132
1391
9893
4707
2643
3357
8611
4675
105
7742
6383
814
3372
7897
7059
563
9404
8103
2819
5725
2316
3605
3173
3922
5753
109
301
5814
3564
9204
8012
3065
6540
118
7635
1990
2982
2456
6818
8297
3870
7218
1162
9774
6870
9387
1101
2490
9648
8495
9611
9671
6902
8509
5813
984
8353
4693
8253
339
1066
2184
3821
4795
4773
3854
7137
8288
9121
6609
7805
704
5718
2885
7939
8290
5685
8682
5990
2538
9654
1925
8194
13
8144
8291
3843
4055
3995
4907
1032
1392
7033
7063
6608
680
9972
3374
7410
4556
1421
9235
6118
6961
4718
3518
9426
4261
4065
4866
1622
1888
1620
6046
7507
6915
2419
8463
4845
4781
3998
4916
4179
6142
4783
7959
830
5026
5181
6465
5858
2559
387
4710
380
1351
28
9916
8846
9888
3734
1579
1619
6835
7132
6404
1092
8643
4650
2768
5385
3032
8270
9993
5073
2289
5794
5169
2059
8631
9754
817
8768
5747
9337
2372
4530
6890
7552
9132
8916
8905
7400
1100
5884
7325
1792
9810
673
8074
9987
6551
5028
2274
5726
6302
1931
3388
5020
6820
4318
2372
3514
1376
9920
9145
1355
8310
6771
590
5472
8921
6402
641
7537
2996
6583
4148
9642
9806
7079
3536
5262
9829
3801
8182
4842
9266
6525
3447
2837
3471
1391
3835
5881
5535
3888
2826
2233
7661
2579
8578
124
8217
1567
1639
898
1519
7276
5385
5981
798
2010
5420
4934
1549
3446
7867
4565
153
6950
6061
8813
3506
5618
9455
8227
750
6202
7663
2776
1593
9264
5529
8024
7154
6184
8968
4800
5293
1635
3065
4138
877
1009
2672
6677
7321
2131
7171
1797
3032
5784
4820
625
2525
4549
7521
4159
9312
1515
4776
4360
8621
9109
8
1072
4238
3707
2520
4309
7643
5024
4677
7115
9090
9632
1067
8620
1672
7278
7896
4200
3702
7405
5006
4327
2808
9081
8579
1993
9541
8677
1944
4996
7535
3620
6034
7641
5296
3767
1648
1252
8910
2219
1523
9472
5900
3769
7204
2688
3191
8922
5297
4155
1917
861
1858
7235
4055
3113
885
2914
7148
5315
3749
6789
4086
5032
7834
1553
1638
3065
7359
9203
6586
1391
6085
6354
1714
202
7212
2907
1683
2894
6452
9731
6876
9331
4467
7922
9529
4110
5532
3260
8888
9674
7093
9284
5297
9791
506
2843
1056
4519
9330
5233
9158
8613
7435
5302
587
3514
4221
5338
4209
4627
8434
539
9431
4380
8279
2845
1017
8744
938
8256
6320
6298
2565
9623
1816
9686
4769
944
9277
9833
2150
8039
7554
9845
2328
8448
3954
1710
3601
1989
9143
355
3730
1696
2410
5195
3824
2292
7882
2206
6713
4781
1305
2148
9116
1463
8871
5441
8930
8389
961
1755
4962
8601
278
1833
7536
8205
5940
307
585
1173
725
4556
6934
4686
7706
8832
4598
1433
55
248
4747
1157
7281
5952
7722
9057
8947
8432
2172
6456
1075
5020
3877
3151
1584
8572
1913
2421
8796
510
7770
7501
1613
7913
442
6898
1785
4800
4134
91
2086
9126
4966
4071
4329
9039
4342
4832
5596
8157
3286
635
3925
2996
748
5110
6781
3641
8434
1844
2403
949
4722
3747
7357
6492
6978
4351
262
4269
1758
5719
9593
837
916
1673
7022
9106
2693
1860
4057
6255
577
6801
3012
5056
4864
2935
7080
493
5393
4854
7674
5930
5512
7778
5382
6385
5487
3486
3925
2607
9699
6683
1850
5897
4407
2107
9468
5369
175
2278
8108
6878
7837
4857
7192
6470
9627
8376
8769
2599
2384
1313
4072
8880
1898
9973
5624
1870
6085
8889
9894
12
4281
2057
4283
9525
8487
2837
5185
5788
9562
3975
7316
1048
8055
6257
9008
8141
3756
1486
5145
5041
9900
5598
6237
7446
3480
7532
9928
3004
9057
9873
44
6542
2780
9058
8417
6740
6996
3359
1687
2349
1721
7882
2025
3645
6950
1172
3905
9431
538
4609
1025
1311
7239
1470
8344
5073
9594
3815
9042
2325
1962
5012
6756
5800
6190
3313
666
7477
7875
7433
35
9404
9822
2895
4290
2897
5579
9079
6844
1866
5270
4743
2696
4324
9491
1807
645
3896
3093
5333
7991
2285
2351
9804
8398
5436
7977
8305
6692
5610
1946
2847
6072
8957
4297
3734
5512
7075
448
4119
389
5492
4985
4800
5322
6758
2399
4181
1623
9959
1930
6944
1352
1018
6382
6646
6910
2397
2179
5043
8179
4813
7255
4048
4464
2714
3263
8814
4540
5079
5892
4603
9897
9342
7584
3163
3435
6825
1902
3985
6418
4003
3697
4314
7294
9162
8811
5795
7275
4511
6851
8074
455
3619
1925
844
3166
171
476
6246
8458
7499
6384
2607
8570
3664
1085
591
7934
2045
1899
9937
8211
1485
5029
9338
9110
8311
2518
1969
4956
2767
3775
273
1079
6855
4718
8417
9595
7627
7890
1194
4239
5604
1754
1900
258
4265
5972
9702
2449
99
4555
8631
6725
2187
8526
3125
5204
2510
7018
2399
9810
6270
8390
8332
3310
2519
5849
649
6927
1638
934
1406
8031
7620
4690
7472
7425
2280
9124
3313
361
1710
9234
4711
6346
8781
1252
3291
4183
8917
5282
748
641
9036
7528
1583
4187
4623
4599
4576
2047
7397
7971
320
3429
4511
4972
1156
1358
8237
2803
3065
4517
2907
6551
102
8983
9430
4570
4380
100
1314
9170
4372
5761
779
6855
2577
5232
5864
3978
2859
6227
1233
6720
7253
1397
2366
7569
3352
5240
1995
1172
4571
9015
991
1820
5209
4152
4372
7781
8033
1638
6640
3380
9106
4663
8259
2653
9313
9485
8483
3028
3935
8490
2455
6081
2616
9910
1845
3804
6409
3255
7292
1894
2706
6495
85
4593
1468
8921
328
1326
1730
1669
6030
6140
8471
4760
8458
2885
8046
4920
5097
9104
8534
7802
610
9763
7548
4539
5764
6923
8579
9663
9335
2861
1654
921
3398
9131
6476
1380
2539
235
4815
4188
3068
8763
5681
7103
2451
8120
1455
6600
8799
4789
2830
8407
1130
383
4582
4404
1808
75
6697
2091
1997
5510
7375
7878
1768
1661
9117
7086
2695
1192
6629
7332
1448
6911
3098
9502
7360
5255
3693
1329
1023
7054
2029
7432
940
9141
9170
5743
5171
4629
9506
9568
2972
5782
9117
3947
7288
1256
5627
135
6785
3433
8856
4368
6708
3730
539
1557
3051
6785
6760
4392
5428
7273
9305
7658
5028
7756
747
902
2167
8297
3121
6233
6204
4069
3313
3152
6221
9300
7064
3477
1609
8632
7
39
9617
9563
4358
4473
9550
1057
9711
5356
521
7489
1404
7111
999
943
8183
7127
3681
5136
8617
2555
2534
9232
291
9172
7392
824
3368
9783
5156
6019
8548
2360
2246
7781
5673
7953
5845
2466
2736
7851
2015
7267
3595
8312
4416
4119
6280
16
5378
7051
4084
3016
5352
8401
1897
7833
1038
9787
7096
4948
6714
9792
7616
7520
1282
7998
3035
6159
4835
1929
4981
8236
5754
551
440
5166
5238
9225
580
776
2093
2546
3381
2372
6614
6310
9385
4952
4057
1888
9667
2316
3089
9503
9294
6789
4517
4506
2029
1145
5083
6693
4741
1305
6295
5891
7342
9355
8097
565
7256
1409
8864
3645
8914
4094
6380
8113
8594
1802
9261
6432
8644
1158
7006
2445
1624
6482
5388
3223
2539
6882
4607
5225
967
1744
1053
5890
430
8851
7444
6354
6518
7328
7786
8258
5877
484
5908
5201
2871
6309
4753
3029
2305
6252
8046
5418
9241
4086
8827
7707
2909
7413
6768
1139
1648
9604
2047
9801
5486
2536
65
1372
7632
980
5557
7248
4531
5454
9934
5995
6897
2492
7187
9798
7648
5130
7712
2339
172
6949
4438
7712
5130
1631
7258
1976
4167
1719
7679
8817
770
1073
2106
3015
178
9900
6644
269
6588
5213
6544
306
608
3846
5707
6424
4606
3090
4836
7706
1199
3833
4869
2071
7889
6745
6092
4881
9676
4753
3879
4842
9048
8116
1263
5764
1661
1552
4870
4057
1064
2865
9041
1394
9208
6342
8522
3552
4446
4656
1749
890
2884
4828
4614
5222
1935
6676
565
817
2009
3470
4293
1137
3957
554
2546
3608
8446
7639
1365
8886
5573
9132
2347
2189
2920
3873
2810
4253
150
7852
2603
5074
7803
2121
9007
5948
5786
345
9964
2503
8792
1999
7709
1189
854
4951
2768
8595
9412
3501
4228
6122
2829
5620
8002
4895
308
4171
2679
9725
2456
5442
5662
7186
3087
7054
1422
3021
6421
3139
7118
1731
8306
6214
2353
6579
9236
7926
2635
9968
5257
652
3460
3708
9753
945
6724
7923
9323
1695
7423
6977
7167
5535
7526
932
5368
7597
5796
3681
8957
209
1310
4340
8029
1589
5484
9323
6534
4003
3157
3523
5770
7125
5287
7108
7767
7276
4400
5224
3722
5904
9829
9146
7324
9783
5710
8559
4521
9150
9637
8720
4750
3076
5478
3560
3712
3808
5183
4044
5355
4115
1307
781
4131
1492
3337
1893
144
8288
226
9754
628
3857
1866
4239
9593
6410
8171
4132
3000
2540
7815
6624
9946
4583
7763
5584
9857
2692
3144
6121
3786
9275
9661
2739
2915
3924
2079
1403
474
4513
121
2959
5516
4185
6625
9736
8337
1354
2967
4524
8989
1209
6454
7685
6954
4449
7890
4439
9503
2630
7602
2704
9795
7976
2906
675
5007
9267
5561
90
8044
5053
1561
1995
6627
5561
4524
8170
709
2839
7319
651
3898
6080
2421
6858
991
5905
2189
4621
1027
5948
5527
1160
9507
3153
426
8375
7502
6116
3459
760
1501
8612
5091
2841
5938
78
5226
1554
1578
5954
6816
9619
5043
1685
6027
1758
7240
9137
5337
6230
4217
9138
9551
5053
6585
1413
7623
4808
6682
4036
4288
1484
1790
588
3134
5081
315
5847
157
2583
5981
6707
5279
4177
2079
8044
4163
4549
8063
8575
6614
3661
6009
7971
7500
4877
1052
707
5398
3613
1367
8364
7992
112
3286
7206
241
6874
8061
7282
2722
4813
5338
1197
3418
7767
3093
772
4895
8583
2385
5381
9342
9368
3101
7060
9239
2322
7738
7491
9525
7924
4418
9664
6040
1738
1537
9414
2453
717
6594
4434
8459
2164
5818
7838
7841
4440
1558
1146
9164
9821
5842
7996
8306
8106
2376
9107
6777
5970
3848
3644
3281
7360
2790
7790
523
9678
4827
7410
9737
7414
8716
4185
8778
1388
5234
2143
2824
7224
6374
2049
4431
9655
4891
2592
6475
1549
9896
8130
1715
1487
6427
3715
9105
2850
9546
9610
2957
4423
3246
4135
9201
5595
602
5504
7766
1676
4899
6731
4827
2010
2931
4522
9492
1706
6007
5363
4337
4406
8090
8173
6922
2492
9750
6423
6926
4048
1415
6091
5468
299
7514
9366
4482
2386
8330
9844
4882
2631
9844
8663
9476
4218
570
5569
5352
8724
8360
2337
2090
9088
3070
6059
7875
3000
1590
9372
6870
6525
8024
6752
1061
3490
6789
736
2953
5095
923
2816
1359
407
8714
1018
6430
7868
5722
3785
846
9733
8352
2452
1746
5307
6544
3491
2578
5872
7035
958
5952
3481
8511
4241
3686
5513
8439
1565
1284
8829
6475
8874
848
5277
8667
6148
256
9136
3856
5604
742
9279
5890
7836
9541
5035
8459
3831
1425
2149
5482
4969
8458
7282
8370
8739
4238
2215
6159
4485
4840
8319
336
3087
6579
7489
6889
1636
346
9258
5758
9249
2647
516
3364
8650
2491
792
5888
7384
3683
2543
3085
8682
2662
534
6971
7719
3063
6194
3553
6903
4706
4829
6160
5750
1334
4935
5347
9345
9208
4480
6519
9085
3406
5384
2589
6566
6161
298
328
4712
1177
2688
2345
308
133
3168
3688
2013
6149
215
9023
141
3188
3245
5530
5034
9832
8268
327
8225
5717
6707
5444
7904
3288
1846
4594
7259
7232
5687
4857
5734
3814
9452
792
3892
1333
7327
7514
3053
671
307
2281
7377
7193
4224
7879
8799
9390
7916
6270
799
3953
6394
6678
3363
9413
7359
5388
4742
6346
5223
1083
2624
429
4344
5482
4391
722
1590
1250
9584
8891
5523
5884
8439
8085
8256
356
852
3007
3669
587
9089
5581
6687
3216
4770
5827
3168
9347
8099
4143
1944
3802
3630
8596
4079
6410
9138
5553
1941
4999
551
993
490
3969
4117
4463
4010
198
428
1633
1268
8224
4475
4655
3368
8728
371
8323
642
5723
1872
4231
6535
8553
2831
5020
8877
5705
8424
7346
8846
3338
4748
2793
7693
1372
4920
8529
6932
1270
8465
3590
6082
5540
5681
3945
7764
3095
1651
2166
8950
8896
4271
2560
9190
7932
5567
9717
2487
8064
2914
357
7060
6553
4693
26
4375
6708
1561
5742
6909
3645
1774
8165
6402
6576
39
7679
7150
96
9926
3360
1745
8020
2152
1834
9814
7733
409
4394
389
4510
8211
3794
5236
3577
9090
536
8334
7809
7595
5215
3641
2639
1721
4821
1202
9494
949
9757
3220
3479
3900
291
2679
1486
6119
8176
8626
2171
9802
4954
2692
9180
2926
3899
906
1955
3854
6176
2677
9223
2472
4071
989
7258
6060
2341
92
9949
2413
2966
4793
4354
3692
5184
1731
3728
1101
6878
5187
5600
7722
2941
4130
218
5777
9075
2481
3558
1057
8759
7056
4712
7196
8571
8264
8759
6535
3460
70
8097
3424
9543
3207
1408
145
5166
6801
2677
5985
202
4172
2181
2825
706
4966
361
3105
4607
5265
6045
2089
5200
1371
3331
6140
1713
8667
410
9945
4056
5591
9801
3380
5522
4486
1746
4314
328
1044
1058
2494
9562
6954
2349
2706
6379
9666
9664
6571
1221
4528
1386
5188
5501
7839
4744
4266
8169
4627
4535
121
972
1973
4992
9793
6608
5280
6211
1278
3925
6870
9738
2313
1383
8492
2601
7371
5623
9708
2783
4418
8530
7173
6056
9606
491
7979
6437
5160
2563
8444
5609
3653
3475
2773
5312
1155
9050
3965
1575
5149
3127
7070
2679
8030
3733
5269
4574
3869
501
7505
6342
1382
7961
7441
6303
715
2469
1013
7539
3922
6119
6364
8009
9668
1758
865
825
9882
494
3509
5359
7908
6022
8498
409
7735
2141
4025
9508
2686
4765
168
8115
9307
1363
9861
9414
2461
5587
8574
7120
3629
6046
7928
3830
8322
6635
6783
2674
1314
9693
593
5660
8614
3628
9920
5850
6602
422
9405
1240
3317
569
8051
1223
1386
4458
259
7258
3142
2989
2667
9752
2357
8145
8985
643
4556
4975
3811
5831
8507
502
21
8548
3152
3890
3662
5935
5711
3428
2516
1130
6418
5909
6622
3037
6819
4308
1584
5580
1566
4666
8434
2825
6800
2266
1839
9873
2061
9991
4876
3389
9526
1805
8712
6005
1681
3529
8257
7930
6141
2578
3106
9745
123
1480
5742
7026
8356
1254
8574
1928
9127
5826
4036
1634
6577
2541
3997
8842
1842
1041
9016
8016
8165
3957
335
1383
6295
8450
248
4503
8101
372
8844
5716
8915
9802
8577
6110
8047
7658
8465
3064
5979
5675
3833
4777
6988
8424
7439
8932
8652
6879
6113
8272
6720
6172
9764
8225
4620
5258
4002
1023
7497
9480
4359
5636
2533
7121
8306
3441
2292
3236
1007
595
415
9599
6026
4811
1612
9133
7653
5
7316
7819
4698
3805
252
5118
7975
7888
8175
7693
8598
2994
7001
4620
977
5993
2283
1379
627
2177
6778
4725
1847
4243
8147
2110
201
5543
2273
8756
8166
5908
5416
1869
4164
1805
4986
7250
8823
7149
8179
6153
9640
7243
4935
5009
7684
5388
7273
3971
5004
3897
2061
6483
3520
3568
6056
7176
4391
8425
7769
7737
1219
1783
8635
5906
8478
6728
6487
141
7460
4793
2191
4751
449
7472
9537
2142
3036
3040
7639
2017
4742
1870
7591
9697
947
4280
5501
9862
4484
2813
3128
4215
8668
2114
4172
1154
2346
8634
4294
8999
797
4216
8836
1836
2262
3492
4360
7795
6718
4890
9607
894
7104
9947
1340
8432
3517
8018
4677
8564
3111
1011
1407
2537
914
3784
2481
3515
8352
9196
2681
2096
6335
7899
4612
7434
6794
2444
3037
3565
2124
3544
1673
6861
3999
9862
771
788
5426
4250
1888
2296
3735
6105
7291
5083
5320
5949
998
3153
719
520
5169
4637
9096
2175
8091
6026
2598
261
6498
359
2221
6750
5951
6857
1016
1905
1387
224
6197
5900
9871
9494
1596
9913
7167
1372
6367
994
124
8525
9530
5697
8877
2294
5577
3874
1765
3802
6322
4141
1604
5657
1422
9957
9896
6161
8758
6694
4200
4180
6605
4300
2185
9181
9036
5107
2834
4124
1923
8926
6793
9109
6834
5740
3849
3735
706
4972
769
6543
9669
4558
4926
9398
8901
3365
5195
3588
2107
7334
9043
2211
370
6100
8569
3175
3290
6437
4712
2111
9097
3293
2926
3299
9557
1806
4352
1994
5887
523
4449
8110
4320
1427
7061
4739
7822
9626
1265
4529
3875
5102
1016
6868
528
420
6614
504
5538
7956
1946
8484
1541
3768
2142
4956
2707
2867
2939
5631
8213
4472
9182
1467
7177
263
9858
4733
5716
2714
1599
1687
5951
3216
6828
7083
4803
3724
7862
2224
1362
6801
900
4683
1117
6316
2934
5067
8850
148
895
4649
2546
3012
7453
4975
9956
6887
7615
547
7252
347
2684
3518
6712
9418
7514
5449
6930
7099
5314
6607
5204
1383
13
5116
1933
6431
7616
32
5359
3624
7709
1795
4777
2418
2510
3259
1980
8741
6088
3306
6284
7376
7952
5222
2540
9134
9110
4333
2471
2032
3385
1695
141
3285
9200
7231
2185
1490
449
7556
6760
9508
184
123
7819
1669
7260
7604
3904
7624
337
4230
9173
6830
7194
3243
959
5053
1371
7941
4217
8103
2845
7418
6691
9910
5333
8954
3919
2440
4760
2659
3371
2803
7725
3991
1576
7273
8121
5092
9424
1901
1030
1845
3813
820
6894
1357
5806
4288
7320
3816
9249
8853
3358
842
2046
5990
2695
9510
8231
1546
202
3892
3289
8766
8297
4524
4141
5446
7553
6903
6896
195
7744
7221
8926
9800
3745
1462
4547
1210
5483
5178
4374
8981
2521
4255
824
8518
998
2638
9158
3940
7983
712
6069
5682
5265
642
7345
6862
298
260
5452
1651
7753
3293
9699
2946
8114
7424
5506
3583
3944
2175
4437
9313
560
2801
5609
2079
7962
1793
924
6998
1517
781
6767
2571
8641
1978
9705
7549
4433
9248
6526
7800
7379
7158
3029
6340
3779
595
7419
6656
9993
6195
8598
5444
2810
2390
6738
4449
2477
2846
4827
400
287
1725
9823
4729
677
310
2244
4931
6731
3628
5906
7547
6563
3378
2066
8696
5199
2537
4283
2269
1920
7249
1148
4989
5915
8955
2624
3116
290
9906
1863
6041
7593
7921
9087
4884
9618
3682
6284
2055
9251
438
2927
784
8983
6281
7274
4245
251
2950
3792
44
1648
7680
2600
8703
3456
2377
5537
4844
6485
7808
2712
7549
6612
6049
8976
2008
7575
6384
3753
8130
8968
8701
8897
6715
4966
1814
8636
4366
708
67
6328
3403
3137
1636
7356
9882
1910
1085
3576
9955
968
5836
1114
6226
691
7229
2846
9857
8106
2487
5766
2759
1416
6028
7322
8865
2671
1026
9301
6049
6430
8006
7516
1329
839
7341
6230
469
5324
7480
2193
8431
9606
6517
7241
6419
2171
6601
9922
4517
7377
6986
5449
2843
3981
2008
4796
6916
7510
7523
4833
9086
2776
7864
8335
4762
4456
9894
4386
351
4620
9000
7117
1435
696
3191
8612
2109
498
2978
9585
2769
5016
4199
2509
1574
5254
576
8167
831
7028
9353
465
7759
4368
6149
8526
6606
7021
5426
72
8064
9667
3429
6097
1554
1001
3445
5351
5567
2045
7614
7509
7268
4188
8299
1061
6511
3843
7844
2560
1164
7840
4421
2197
9653
7544
4671
6281
9922
3223
2954
3763
1007
8467
5593
3322
786
3089
1089
8355
6608
4873
5671
4956
8508
5517
3132
3311
8872
4028
2781
5834
836
2440
6276
3665
7605
7895
3281
7343
161
9502
3884
7903
7564
1581
282
4621
5696
3761
2320
5046
576
6817
692
6525
4178
1450
35
7660
875
4046
88
1970
8935
7661
1443
4115
9090
4727
1738
5896
6951
4652
8630
4605
3678
1850
759
3167
2245
126
9306
2492
4598
5632
6966
8315
5031
8596
8970
1700
7035
3362
2087
6467
8584
4325
5204
9918
709
9488
4134
7988
1803
1642
6118
4368
9333
3697
8533
7474
4253
4964
8969
968
3045
119
2853
3817
5082
6624
1470
6112
7414
7037
1418
4515
3060
189
794
1497
8079
8195
3885
4079
1158
3320
1021
1486
7580
1496
2741
4617
818
2963
4502
8731
5726
3493
7470
3934
2423
3319
3640
4764
8431
1173
8412
3838
8735
2669
5218
3076
4416
318
448
1095
9589
255
641
8509
8425
8925
4683
6192
2392
9386
8544
7000
9469
9624
5466
364
7185
9193
240
2563
6509
3887
4639
2177
9367
6017
8782
3470
9123
6353
2374
5131
3938
614
4719
7221
9029
1174
7837
7723
1466
5126
2516
7123
7322
5994
2985
4336
6647
4495
2411
4130
8611
552
3811
1086
4293
9532
187
5588
3357
703
1210
7141
2602
5112
3054
8902
1777
9522
9302
7931
4667
8415
2646
6020
7904
9748
2517
2900
1721
4656
7846
3228
7523
5667
6853
5723
1534
9612
5836
5086
98
809
753
1073
9722
3298
6696
3076
4106
1490
4641
7840
3040
2270
1375
8385
8126
9434
9413
4391
1815
2495
4283
2171
8197
3564
5914
9570
3049
7203
516
5666
4999
3371
3186
940
5259
3366
3880
1986
3276
2958
8301
4795
2215
1176
5870
1721
6714
6651
1878
2026
3518
8422
703
554
3218
7284
6561
1280
4678
979
9092
3428
2471
8451
7086
9496
6365
7904
7413
3231
7729
9754
1026
4270
1456
8701
4921
5151
9388
7473
6347
715
490
2231
42
6246
346
2872
7838
6743
8847
2053
3548
6707
2126
8844
6548
6974
1510
4221
2994
5785
4230
6784
5076
1063
4845
8095
2886
1033
2839
630
3355
4992
7957
4376
1349
4566
4402
8913
1427
8749
1362
9410
9740
5289
5477
5884
2990
26
3606
1061
8969
7368
8963
951
6182
7456
4888
3266
1708
1363
4973
6932
4536
4974
4540
4759
8241
5123
1659
218
8204
6546
4870
4896
2928
1700
5983
7589
2563
2094
3447
3712
3985
5287
2124
9031
4132
3880
364
3174
6609
9960
9016
6226
3471
9701
8503
1876
1857
8277
5138
5098
7857
8941
1395
8636
3077
5800
5741
131
312
51
8625
6143
5515
3621
7516
2566
4610
7357
2484
473
4186
7452
8286
2047
6017
9241
4941
6210
5490
4462
8024
1622
980
8123
2569
1852
9199
1022
859
8090
683
7812
953
8370
8347
313
574
7630
4589
4796
9275
3804
7609
6236
7449
4015
4214
6393
6899
8511
2195
6722
1300
5601
7531
1539
9369
7702
4451
4627
7837
86
6809
1613
7557
365
42
5164
6485
5572
6783
6731
4712
7551
298
8667
9114
7190
5242
698
4598
9477
4763
1196
8700
9101
3068
5993
129
192
8472
9421
8857
398
7993
2342
1210
8094
8365
988
4064
2808
8660
8486
7468
1750
1477
3773
9925
8890
109
9081
6690
4227
6371
8065
4778
1964
2204
2084
1037
9777
9908
2534
7452
9398
8700
3018
3213
2713
4331
6164
4814
3742
1786
9273
6246
1580
8378
3367
3594
4829
2230
6983
9175
7136
4713
8365
4601
7772
7005
3503
4272
959
7938
2289
2407
1491
5760
3074
4862
3071
2855
7437
3032
7987
9031
9687
5560
4092
8543
582
413
3119
2250
2928
8877
4743
6305
6824
4701
4609
5337
981
3815
9890
1171
5284
6840
7585
1323
543
9145
2181
2509
4751
1919
5061
5981
6210
530
764
1690
5078
9600
5485
6005
9714
1289
4462
9616
6760
9456
